10
1500
28
48
16
17
25
46
39
33
37
6
4
42
3
36
14
35
30
18
34
4
47
17
43
31
31
19
10
49
37
18
6
33
3
1
42
39
29
43
21
4
24
22
9
17
18
19
40
9
37
18
7
33
39
11
10
34
3
1
5
8
9
2
20
27
2
5
17
39
14
15
27
33
17
45
47
17
42
47
46
28
19
15
32
45
9
40
26
12
37
44
7
33
37
7
50
22
5
3
46
45
37
7
36
18
49
7
27
37
26
30
22
29
30
1
1
1
28
44
17
42
10
22
35
28
50
5
28
10
27
11
23
14
11
10
0
0
49
27
47
1
1
43
13
31
14
22
8
25
7
46
4
7
35
17
45
4
31
38
18
32
32
33
27
43
10
38
41
49
20
49
18
38
5
40
30
2
37
3
41
44
29
12
1
50
23
12
40
50
39
29
32
14
23
13
27
49
42
44
18
20
26
8
30
15
13
16
34
33
13
30
41
38
11
34
48
26
49
49
38
48
0
27
22
39
8
30
9
16
3
50
37
48
19
8
11
44
37
46
50
47
42
24
4
39
38
40
31
26
39
29
48
4
44
18
15
24
30
37
30
1
16
19
14
40
26
13
14
45
10
0
36
48
22
15
22
44
30
5
25
11
7
25
3
25
47
33
17
35
14
41
31
15
5
20
26
35
11
7
14
29
10
8
45
10
39
20
26
47
15
20
14
22
39
21
0
26
19
34
8
21
43
35
19
10
28
16
28
10
45
49
1
6
48
49
45
42
28
47
12
17
25
23
23
29
4
48
4
31
23
31
29
50
37
8
38
8
41
26
40
10
7
18
38
4
32
37
47
46
35
48
17
46
18
23
21
5
28
5
17
44
16
21
44
9
4
12
39
4
50
2
19
34
47
0
22
40
14
4
4
31
6
2
6
20
1
23
31
46
15
17
35
36
17
0
0
11
28
26
4
37
25
31
14
34
3
45
50
44
17
11
5
24
40
22
48
25
48
16
7
5
43
15
32
38
40
32
47
39
6
48
26
1
25
43
36
34
26
43
15
20
6
18
43
34
3
50
6
8
9
22
6
2
12
35
22
43
21
25
8
21
1
10
4
10
39
2
18
46
2
8
44
46
27
23
48
27
3
44
46
10
7
2
38
5
10
13
10
9
34
39
38
37
30
12
21
34
22
38
2
43
48
24
16
48
30
36
12
42
21
36
35
1
27
23
48
40
13
36
32
0
47
46
23
16
19
37
38
46
33
42
16
8
32
4
7
19
18
21
26
45
14
34
4
43
13
22
43
13
50
41
29
26
6
39
33
21
28
36
46
46
16
0
1
27
32
47
22
15
39
40
2
26
9
48
45
17
30
13
4
38
29
40
22
46
15
1
27
0
49
17
29
46
36
27
14
33
45
33
17
19
20
40
5
10
10
27
44
20
4
46
13
26
13
38
14
26
19
17
3
24
19
43
1
35
42
39
33
10
6
27
35
5
18
45
41
32
32
4
40
6
29
36
13
38
16
42
4
4
25
26
31
23
49
42
35
40
3
35
40
9
21
17
4
44
42
25
0
7
38
0
31
14
18
32
37
2
40
22
1
27
35
13
0
35
25
16
18
18
17
13
5
12
2
8
19
33
25
42
14
36
22
41
46
11
35
37
5
29
7
23
43
37
50
24
41
45
18
35
18
17
30
29
0
30
21
40
41
16
35
35
40
27
40
4
0
50
24
8
1
38
30
5
41
31
4
38
15
14
40
40
37
35
29
22
0
13
8
42
48
20
0
22
7
21
46
5
34
19
46
21
19
1
34
40
8
15
4
44
40
0
31
34
48
37
19
26
5
24
44
28
37
29
22
0
21
43
11
3
31
44
40
6
42
39
36
31
31
0
38
10
1
14
26
47
6
14
31
21
20
10
40
11
41
34
47
22
38
50
4
15
13
43
7
43
23
29
38
43
20
31
31
37
2
20
5
41
34
41
9
46
11
44
39
45
38
26
40
19
47
4
29
24
37
17
34
43
48
2
48
17
26
40
30
47
28
29
1
39
38
43
34
37
24
12
4
8
10
26
25
21
19
18
29
39
31
11
33
16
7
21
3
8
45
17
4
28
15
30
1
46
42
38
20
20
41
10
37
2
4
1
49
44
12
45
9
45
18
41
33
31
15
6
22
36
41
41
4
35
33
34
24
26
18
37
30
7
10
36
36
41
41
25
25
43
49
20
4
46
29
46
19
8
11
1
0
44
50
29
13
3
28
29
20
11
11
19
11
3
16
25
42
3
5
33
2
17
14
2
23
22
11
44
29
27
6
39
12
30
49
10
48
6
46
8
33
16
32
6
44
22
31
34
17
4
32
8
6
47
22
9
37
8
30
15
50
29
13
9
11
10
34
30
6
0
5
23
5
31
44
49
23
19
36
31
20
4
31
24
10
36
20
8
20
32
23
43
39
37
19
0
5
1
34
8
16
19
33
28
5
45
48
5
50
36
29
45
43
22
10
22
5
22
32
5
36
23
18
34
1
36
21
26
48
31
46
0
21
31
33
28
0
28
26
34
43
44
30
0
49
16
43
35
23
45
29
12
32
7
47
22
19
2
18
50
26
31
39
38
38
31
24
13
12
24
44
50
27
12
14
18
47
12
8
49
0
21
35
32
41
50
15
49
50
32
1
2
24
13
6
23
1
35
31
41
38
14
16
23
9
26
24
28
8
12
41
42
30
38
16
13
11
31
26
7
32
32
50
19
16
45
21
26
42
15
34
46
41
40
5
20
30
40
46
43
27
33
8
26
8
14
24
38
20
19
38
48
46
43
39
45
39
11
0
28
13
35
28
38
47
8
45
13
34
13
45
50
8
12
40
28
40
26
17
35
47
14
38
1
5
47
21
31
40
10
12
24
25
1
37
46
19
36
21
29
28
36
10
15
35
7
21
5
33
19
9
43
9
22
9
42
8
12
2
32
11
18
9
29
3
14
8
20
28
49
35
40
22
20
43
11
14
23
35
47
12
24
44
5
3
39
19
29
44
17
27
27
36
12
37
50
27
26
44
17
15
37
44
17
36
9
48
12
22
14
37
34
19
1
5
2
26
9
3
11
27
0
39
10
15
21
8
2
27
22
3
14
41
36
20
7
4
24
15
7
6
15
11
44
32
32
9
35
24
48
23
42
14
38
27
4
26
42
5
1
25
1
0
26
38
3
10
28
31
8
16
42
30
27
31
16
34
20
31
21
44
38
20
34
2
42
15
50
35
18
37
44
41
20
14
38
33
17
33
33
28
33
26
21
26
7
10
39
27
33
24
15
2
42
13
20
7
7
24
19
35
23
7
42
24
47
6
39
19
17
19
22
16
37
47
49
35
36
39
4
47
31
12
50
6
9
35
29
43
23
37
9
37
30
30
25